      0/19        0G   0.04919   0.01851   0.02305   0.09075         6       640    0.1168    0.7217    0.2812   0.09404   0.01744  0.007616  0.009834
      1/19        0G   0.03493   0.01333   0.01858   0.06684         0       640    0.1777    0.8183     0.435    0.1801   0.01552  0.007761  0.008855
      2/19        0G   0.03552   0.01346   0.01476   0.06374         0       640    0.1607    0.8504    0.5276    0.2022   0.01652  0.008927  0.004911
      3/19        0G   0.03391   0.01407   0.01173   0.05972         2       640     0.202    0.8354    0.6919    0.2858   0.01496  0.008338  0.004201
      4/19        0G   0.03174   0.01351  0.009236   0.05448         4       640    0.1766    0.8624    0.6146    0.2439   0.01466   0.00799  0.003427
      5/19        0G   0.03064   0.01342  0.009197   0.05326         0       640    0.2111    0.8309    0.6654    0.2838   0.01429  0.008886  0.003199
      6/19        0G   0.02923   0.01293  0.007907   0.05007         2       640    0.2529    0.8539    0.7169    0.3161   0.01442  0.008048  0.002543
      7/19        0G   0.02801   0.01222  0.007733   0.04797         3       640    0.3086    0.8734     0.697    0.2859   0.01399  0.007891  0.002489
      8/19        0G   0.02733   0.01237  0.006814   0.04651         2       640    0.2911    0.8799    0.7488     0.337    0.0135  0.007847    0.0022
      9/19        0G   0.02683    0.0122  0.006711   0.04574         4       640    0.3483    0.8636    0.7519    0.3347   0.01351  0.008348  0.002815
     10/19        0G   0.02561   0.01162  0.006394   0.04363         2       640    0.3026    0.8859    0.8031    0.3842   0.01291  0.006075  0.002071
     11/19        0G    0.0254   0.01143  0.005759   0.04259         2       640    0.3496     0.928    0.8713    0.4125   0.01259  0.005737  0.001822
     12/19        0G   0.02463   0.01141  0.005803   0.04184         0       640    0.3384    0.9352    0.8501    0.4099   0.01241  0.005641  0.001476
     13/19        0G    0.0241   0.01112  0.005043   0.04027         2       640    0.3588    0.9239    0.8759    0.4425   0.01205  0.005918  0.001537
     14/19        0G   0.02312   0.01062    0.0045   0.03824         0       640    0.3199    0.9342    0.8549    0.4165   0.01189  0.006402  0.001428
     15/19        0G   0.02316   0.01072  0.004524   0.03841         1       640    0.4106    0.9321    0.8914    0.4504    0.0117  0.005144  0.001438
     16/19        0G   0.02257   0.01052  0.004305   0.03739         0       640    0.3984    0.9403    0.8938     0.458    0.0114  0.005282  0.001319
     17/19        0G   0.02228   0.01051  0.004035   0.03683         1       640    0.3675    0.9417    0.8676    0.4357   0.01119  0.005762  0.001449
     18/19        0G   0.02201   0.01032  0.004018   0.03634         4       640    0.4539    0.9344    0.9032    0.4799    0.0111  0.004573  0.001259
     19/19        0G   0.02149   0.01015   0.00414   0.03578         2       640    0.4568    0.9387    0.9148    0.4783    0.0112  0.004585  0.001228
