2 0.565146 0.5 0.530034 1 
2 0.461953 0.440844 0.570577 0.881688 
3 0.462665 0.0412549 0.25139 0.0772074 
2 0.679714 0.491807 0.412818 0.955771 
3 0.466427 0.0398615 0.164407 0.0678283 
2 0.365153 0.409313 0.505134 0.809979 
3 0.501385 0.0361667 0.272089 0.0723334 
2 0.459429 0.43218 0.511078 0.477229 
0 0.607683 0.483187 0.50761 0.966375 
2 0.60937 0.483852 0.490808 0.501465 
2 0.107361 0.439174 0.214723 0.700178 
2 0.247011 0.440601 0.465307 0.797084 
3 0.459773 0.0637252 0.28812 0.123298 
3 0.423193 0.0491956 0.30326 0.0804869 
