2 0.356209 0.53134 0.676241 0.937321 
3 0.759304 0.932535 0.0645001 0.0667437 
3 0.569616 0.509598 0.0143455 0.0173031 
2 0.751809 0.937021 0.0946357 0.0863174 
2 0.415153 0.805926 0.128161 0.243468 
2 0.564423 0.518801 0.0322899 0.0389416 
2 0.738012 0.942324 0.132654 0.115353 
3 0.565655 0.518761 0.0295671 0.0368414 
2 0.445587 0.475778 0.606506 0.951557 
3 0.56866 0.51146 0.0181238 0.0224869 
0 0.355254 0.529258 0.644719 0.941484 
2 0.937267 0.485531 0.125465 0.41142 
0 0.0425652 0.826266 0.0851304 0.347468 
2 0.756178 0.934965 0.0652948 0.0719141 
0 0.565574 0.51738 0.0287359 0.0352003 
3 0.753843 0.947164 0.121128 0.0901127 
2 0.603194 0.463358 0.664936 0.926717 
2 0.438651 0.791445 0.184625 0.306075 
3 0.566453 0.509269 0.0179086 0.0177977 
