2 0.511139 0.527386 0.608131 0.945228 
3 0.600533 0.0656156 0.277865 0.0987467 
2 0.595327 0.465763 0.561654 0.931525 
3 0.57388 0.0843732 0.316023 0.145887 
2 0.405309 0.592214 0.650832 0.815572 
3 0.566383 0.0686091 0.240531 0.127249 
3 0.584224 0.0457506 0.272546 0.0915013 
3 0.625794 0.0463426 0.319984 0.0670604 
3 0.541535 0.0405215 0.19591 0.0810429 
3 0.860801 0.0377721 0.161918 0.0755442 
1 0.585479 0.0720693 0.267426 0.0898554 
3 0.52188 0.041278 0.323267 0.0698219 
3 0.58986 0.0829425 0.158511 0.153708 
1 0.564477 0.0560032 0.29553 0.0766453 
0 0.557559 0.511433 0.568286 0.977134 
3 0.59586 0.115782 0.348811 0.16841 
2 0.696796 0.514108 0.500443 0.971784 
1 0.590167 0.0821651 0.288906 0.129232 
3 0.863747 0.0205756 0.158937 0.0411512 
3 0.854687 0.0539135 0.138274 0.101248 
2 0.561417 0.487708 0.545246 0.473595 
