2 0.17667 0.649777 0.119258 0.210477 
2 0.374637 0.691832 0.119261 0.24374 
2 0.56196 0.605811 0.0833045 0.195785 
3 0.370384 0.597036 0.032184 0.0445261 
3 0.580852 0.472295 0.0253415 0.029526 
2 0.588058 0.532933 0.0673568 0.132168 
3 0.163741 0.577779 0.0317777 0.037147 
3 0.556525 0.532024 0.0249387 0.0283814 
2 0.572804 0.558747 0.0823426 0.180648 
3 0.583893 0.479414 0.0225121 0.0307359 
3 0.161353 0.579942 0.0390854 0.0491723 
3 0.572303 0.531929 0.0523115 0.0530259 
3 0.36743 0.597786 0.0433624 0.0516622 
2 0.36773 0.598127 0.0490509 0.047987 
