2 0.478907 0.318807 0.347295 0.60796 
3 0.061181 0.58268 0.0298332 0.034681 
2 0.400823 0.515968 0.667494 0.968064 
2 0.0805067 0.621517 0.123214 0.126717 
2 0.553014 0.573639 0.830796 0.852722 
2 0.444013 0.205901 0.349492 0.326801 
3 0.0606174 0.587853 0.0401544 0.0433666 
2 0.462632 0.401182 0.421179 0.802363 
3 0.374 0.0174322 0.150859 0.0338892 
2 0.442303 0.101118 0.316827 0.19621 
2 0.0696876 0.594223 0.0787136 0.0614262 
3 0.449813 0.199319 0.316676 0.341276 
3 0.379878 0.0244554 0.207619 0.0489107 
