0 0.495674 0.435327 0.0231674 0.0420024 
2 0.40798 0.509144 0.815503 0.981713 
3 0.836749 0.523372 0.0253881 0.0269905 
1 0.842137 0.516509 0.0149399 0.0186495 
2 0.839659 0.530289 0.0596159 0.0438385 
3 0.840156 0.516316 0.0177927 0.0178775 
0 0.840341 0.531637 0.045159 0.0445739 
1 0.835883 0.516661 0.015542 0.0168133 
0 0.411893 0.5 0.810762 1 
1 0.496119 0.419317 0.00965452 0.011725 
1 0.836749 0.523372 0.0253881 0.0269905 
0 0.497792 0.43978 0.021657 0.0586958 
3 0.835883 0.516661 0.015542 0.0168133 
2 0.49619 0.435016 0.0235098 0.0467349 
