0 0.557 0.647683 0.600023 0.704635 
1 0.474253 0.379405 0.225923 0.217878 
1 0.477909 0.384084 0.299684 0.254361 
1 0.476052 0.341961 0.178032 0.145822 
0 0.595959 0.538016 0.755168 0.923968 
0 0.550089 0.64736 0.469966 0.467336 
1 0.393193 0.441144 0.0505316 0.0600665 
0 0.55928 0.757595 0.569112 0.48481 
1 0.602111 0.487988 0.0961267 0.0803628 
1 0.392098 0.313937 0.0584801 0.0731825 
0 0.485125 0.393355 0.237169 0.267444 
1 0.488054 0.326134 0.118957 0.0931558 
1 0.388666 0.329597 0.0709693 0.103316 
0 0.46867 0.589551 0.506213 0.820898 
1 0.394113 0.400896 0.0713034 0.133541 
