0 0.408504 0.576573 0.636475 0.846855 
1 0.279724 0.149933 0.288523 0.253172 
1 0.177436 0.0955099 0.100676 0.132893 
0 0.50217 0.512397 0.742292 0.975207 
1 0.181668 0.101807 0.137402 0.163539 
0 0.395872 0.718053 0.569146 0.563894 
1 0.287873 0.105623 0.241523 0.186044 
1 0.285387 0.184759 0.366861 0.34067 
1 0.177778 0.073202 0.0911214 0.0967876 
0 0.40341 0.591677 0.52437 0.466377 
0 0.286772 0.157618 0.279875 0.268201 
2 0.445427 0.56802 0.711883 0.863959 
1 0.334754 0.0715844 0.108168 0.0913046 
0 0.393105 0.77795 0.44649 0.42635 
1 0.181074 0.317668 0.0762528 0.0941665 
1 0.303856 0.0642759 0.166603 0.101612 
