0 0.335463 0.541385 0.119724 0.151346 
0 0.497292 0.55786 0.0821399 0.158591 
2 0.0533772 0.530892 0.0884997 0.0887111 
1 0.335765 0.497807 0.0498086 0.0536558 
1 0.492088 0.49792 0.037868 0.036068 
3 0.0474647 0.500973 0.0228376 0.024008 
0 0.0224376 0.248432 0.0448753 0.0675352 
1 0.333816 0.517364 0.0714235 0.0825348 
1 0.333655 0.538102 0.112412 0.125294 
1 0.33401 0.520293 0.130757 0.106936 
0 0.0996989 0.211509 0.0699343 0.0948775 
1 0.111734 0.182429 0.025877 0.0199757 
1 0.111232 0.185059 0.0358499 0.0264683 
3 0.0473247 0.524072 0.072231 0.0777134 
0 0.105804 0.210373 0.0637818 0.0714101 
0 0.3389 0.537716 0.167557 0.187642 
1 0.494251 0.54389 0.0883842 0.122749 
2 0.0454235 0.521253 0.0683871 0.081428 
1 0.108427 0.188117 0.0417466 0.0350629 
0 0.988591 0.566473 0.0228178 0.0471702 
