0 0.496149 0.435217 0.0229558 0.0428474 
0 0.836064 0.527941 0.0475027 0.0475459 
1 0.841966 0.516373 0.0151295 0.0192026 
2 0.406975 0.508537 0.810302 0.982925 
1 0.835658 0.516438 0.0161667 0.0173002 
3 0.836861 0.523629 0.0281754 0.0291719 
3 0.840132 0.516099 0.0186848 0.0184045 
2 0.836625 0.528578 0.054516 0.0432505 
0 0.411152 0.5 0.797469 1 
1 0.836861 0.523629 0.0281754 0.0291719 
1 0.496401 0.419229 0.0098156 0.0122162 
0 0.498802 0.437954 0.0295266 0.0514897 
2 0.496819 0.434853 0.0231453 0.0468341 
