2 0.554336 0.528578 0.75401 0.942844 
0 0.457759 0.513131 0.0429649 0.0536447 
0 0.458985 0.516008 0.574348 0.913638 
2 0.406223 0.475646 0.684056 0.951291 
1 0.454003 0.492845 0.0167118 0.0141074 
3 0.987625 0.593811 0.0224642 0.0342589 
0 0.415584 0.5 0.703035 1 
0 0.555487 0.513273 0.73997 0.973454 
3 0.98788 0.586641 0.0228203 0.0275814 
3 0.989359 0.585848 0.0171211 0.0227742 
3 0.98658 0.595922 0.02684 0.0432446 
0 0.461624 0.520921 0.0389604 0.0441413 
2 0.457359 0.512888 0.0407335 0.0606997 
