1 0.456595 0.520707 0.0358761 0.0396736 
1 0.554182 0.395776 0.0223469 0.0205339 
1 0.829578 0.48278 0.0370771 0.0379211 
0 0.557463 0.438833 0.0491817 0.120096 
1 0.456731 0.524163 0.0451388 0.0499335 
0 0.474364 0.578721 0.0839214 0.172173 
0 0.834252 0.535653 0.0655466 0.163812 
3 0.831316 0.479345 0.0370716 0.0387806 
2 0.831192 0.537137 0.0705761 0.148971 
3 0.829128 0.485719 0.0342567 0.0393177 
1 0.55392 0.391676 0.0190387 0.0177137 
1 0.828832 0.484234 0.0423849 0.0529748 
1 0.552822 0.393974 0.0295352 0.0249058 
1 0.558322 0.396064 0.0227929 0.0248424 
