0 0.560156 0.598764 0.667323 0.802472 
0 0.504392 0.691212 0.702052 0.617576 
0 0.607213 0.458107 0.599774 0.916214 
1 0.634643 0.0718881 0.270009 0.143776 
0 0.463739 0.775792 0.641258 0.42206 
1 0.66195 0.0369758 0.235078 0.0739516 
3 0.642284 0.0636461 0.335645 0.127292 
1 0.675476 0.0474877 0.288966 0.0949753 
0 0.459726 0.524459 0.768535 0.951081 
1 0.663597 0.0336226 0.161603 0.0672452 
1 0.602773 0.0388577 0.292008 0.0777154 
3 0.655441 0.035324 0.265685 0.070648 
0 0.551508 0.594662 0.536626 0.458988 
0 0.4976 0.708849 0.549836 0.462305 
2 0.597676 0.537191 0.601923 0.925618 
3 0.565548 0.0431981 0.296921 0.0863962 
1 0.585624 0.0578914 0.289378 0.115783 
