1 0.119587 0.584516 0.0392205 0.0318113 
0 0.0661312 0.634037 0.132262 0.132025 
2 0.560524 0.513947 0.830904 0.972107 
0 0.562879 0.5 0.857384 1 
0 0.206445 0.476817 0.0561029 0.0571534 
1 0.0698771 0.587125 0.0323293 0.0283407 
1 0.0700428 0.583517 0.0224484 0.024903 
1 0.225112 0.459164 0.0162662 0.013226 
0 0.084273 0.635912 0.168546 0.178861 
1 0.066619 0.580927 0.0297609 0.0229523 
0 0.650064 0.5446 0.671218 0.910799 
1 0.224827 0.458285 0.0226397 0.0156458 
1 0.119201 0.587441 0.0452332 0.045319 
1 0.0739746 0.582498 0.0471613 0.0270543 
1 0.203943 0.458585 0.0212172 0.0142529 
