1 0.307631 0.482181 0.0407243 0.0413002 
0 0.612788 0.605783 0.18713 0.3354 
1 0.636905 0.48217 0.0689695 0.0795681 
0 0.315172 0.556572 0.0832149 0.204287 
1 0.575416 0.478893 0.0678794 0.0577936 
1 0.626131 0.483102 0.0716995 0.0613683 
1 0.603371 0.483073 0.0834229 0.0591065 
0 0.567231 0.591523 0.108066 0.308132 
0 0.640521 0.622647 0.14242 0.388827 
1 0.309966 0.481493 0.0550889 0.0540625 
1 0.606957 0.484906 0.124404 0.0863075 
1 0.637124 0.488957 0.0570217 0.0608182 
0 0.568457 0.591442 0.172093 0.351718 
