2 0.157544 0.500828 0.0562246 0.0949759 
2 0.492066 0.566781 0.0666704 0.152489 
2 0.0559768 0.457422 0.0454262 0.0877222 
3 0.153098 0.46389 0.0251569 0.0275117 
3 0.491227 0.509721 0.0221068 0.0248492 
3 0.0525166 0.428412 0.0198452 0.0208964 
3 0.0515274 0.426088 0.0160998 0.0184634 
2 0.154248 0.504724 0.0364868 0.106457 
3 0.488983 0.513316 0.0260134 0.030577 
2 0.321795 0.565171 0.0638688 0.133844 
3 0.153778 0.471677 0.0261716 0.0369622 
1 0.492306 0.50753 0.0213576 0.0265089 
3 0.158143 0.500816 0.0581166 0.0966553 
2 0.0361505 0.55132 0.072301 0.288708 
2 0.0596773 0.463627 0.0334065 0.0792716 
