1 0.51497 0.512597 0.0219583 0.0220024 
0 0.514385 0.552611 0.0414641 0.107133 
1 0.368262 0.519368 0.0213752 0.0184306 
0 0.372077 0.562385 0.0392244 0.108201 
1 0.514277 0.509115 0.0195966 0.019397 
2 0.0405037 0.91041 0.0794429 0.179179 
2 0.517276 0.554485 0.0430662 0.100953 
1 0.373454 0.520527 0.0191223 0.0186177 
1 0.368138 0.51569 0.0173017 0.0180322 
1 0.373273 0.520185 0.023669 0.0234844 
3 0.514619 0.512417 0.0215733 0.0213883 
1 0.514634 0.51013 0.028968 0.0256345 
1 0.521696 0.514863 0.0220865 0.0186043 
